1 -1 #SUP: 4
2 -1 #SUP: 24
3 -1 #SUP: 2
1 -1 1 -1 #SUP: 1
1 -1 2 -1 #SUP: 2
1 -1 3 -1 #SUP: 2
2 -1 1 -1 #SUP: 2
2 -1 2 -1 #SUP: 4
2 -1 3 -1 #SUP: 3
3 -1 2 -1 #SUP: 2
3 -1 3 -1 #SUP: 1
1 -1 1 -1 2 -1 #SUP: 1
1 -1 1 -1 3 -1 #SUP: 1
1 -1 2 -1 1 -1 #SUP: 1
1 -1 2 -1 2 -1 #SUP: 2
1 -1 2 -1 3 -1 #SUP: 2
1 -1 3 -1 2 -1 #SUP: 2
1 -1 3 -1 3 -1 #SUP: 2
2 -1 1 -1 2 -1 #SUP: 2
2 -1 1 -1 3 -1 #SUP: 2
2 -1 2 -1 1 -1 #SUP: 1
2 -1 2 -1 2 -1 #SUP: 3
2 -1 2 -1 3 -1 #SUP: 2
2 -1 3 -1 2 -1 #SUP: 3
2 -1 3 -1 3 -1 #SUP: 3
3 -1 2 -1 2 -1 #SUP: 2
3 -1 3 -1 2 -1 #SUP: 1
1 -1 1 -1 2 -1 2 -1 #SUP: 1
1 -1 1 -1 2 -1 3 -1 #SUP: 1
1 -1 1 -1 3 -1 2 -1 #SUP: 1
1 -1 1 -1 3 -1 3 -1 #SUP: 1
1 -1 2 -1 1 -1 2 -1 #SUP: 1
1 -1 2 -1 1 -1 3 -1 #SUP: 1
1 -1 2 -1 2 -1 1 -1 #SUP: 1
1 -1 2 -1 2 -1 2 -1 #SUP: 2
1 -1 2 -1 2 -1 3 -1 #SUP: 1
1 -1 2 -1 3 -1 2 -1 #SUP: 2
1 -1 2 -1 3 -1 3 -1 #SUP: 2
1 -1 3 -1 2 -1 2 -1 #SUP: 2
1 -1 3 -1 3 -1 2 -1 #SUP: 2
2 -1 1 -1 2 -1 2 -1 #SUP: 2
2 -1 1 -1 2 -1 3 -1 #SUP: 2
2 -1 1 -1 3 -1 2 -1 #SUP: 2
2 -1 1 -1 3 -1 3 -1 #SUP: 2
2 -1 2 -1 1 -1 2 -1 #SUP: 1
2 -1 2 -1 1 -1 3 -1 #SUP: 1
2 -1 2 -1 2 -1 2 -1 #SUP: 2
2 -1 2 -1 2 -1 3 -1 #SUP: 1
2 -1 2 -1 3 -1 2 -1 #SUP: 2
2 -1 2 -1 3 -1 3 -1 #SUP: 2
2 -1 3 -1 2 -1 2 -1 #SUP: 3
2 -1 3 -1 3 -1 2 -1 #SUP: 3
3 -1 3 -1 2 -1 2 -1 #SUP: 1
1 -1 1 -1 2 -1 2 -1 2 -1 #SUP: 1
1 -1 1 -1 2 -1 3 -1 2 -1 #SUP: 1
1 -1 1 -1 2 -1 3 -1 3 -1 #SUP: 1
1 -1 1 -1 3 -1 2 -1 2 -1 #SUP: 1
1 -1 1 -1 3 -1 3 -1 2 -1 #SUP: 1
1 -1 2 -1 1 -1 2 -1 2 -1 #SUP: 1
1 -1 2 -1 1 -1 2 -1 3 -1 #SUP: 1
1 -1 2 -1 1 -1 3 -1 2 -1 #SUP: 1
1 -1 2 -1 1 -1 3 -1 3 -1 #SUP: 1
1 -1 2 -1 2 -1 1 -1 2 -1 #SUP: 1
1 -1 2 -1 2 -1 1 -1 3 -1 #SUP: 1
1 -1 2 -1 2 -1 2 -1 2 -1 #SUP: 1
1 -1 2 -1 2 -1 2 -1 3 -1 #SUP: 1
1 -1 2 -1 2 -1 3 -1 2 -1 #SUP: 1
1 -1 2 -1 2 -1 3 -1 3 -1 #SUP: 1
1 -1 2 -1 3 -1 2 -1 2 -1 #SUP: 2
1 -1 2 -1 3 -1 3 -1 2 -1 #SUP: 2
1 -1 3 -1 3 -1 2 -1 2 -1 #SUP: 2
2 -1 1 -1 2 -1 2 -1 2 -1 #SUP: 2
2 -1 1 -1 2 -1 3 -1 2 -1 #SUP: 2
2 -1 1 -1 2 -1 3 -1 3 -1 #SUP: 2
2 -1 1 -1 3 -1 2 -1 2 -1 #SUP: 2
2 -1 1 -1 3 -1 3 -1 2 -1 #SUP: 2
2 -1 2 -1 1 -1 2 -1 2 -1 #SUP: 1
2 -1 2 -1 1 -1 2 -1 3 -1 #SUP: 1
2 -1 2 -1 1 -1 3 -1 2 -1 #SUP: 1
2 -1 2 -1 1 -1 3 -1 3 -1 #SUP: 1
2 -1 2 -1 2 -1 2 -1 2 -1 #SUP: 1
2 -1 2 -1 2 -1 3 -1 2 -1 #SUP: 1
2 -1 2 -1 2 -1 3 -1 3 -1 #SUP: 1
2 -1 2 -1 3 -1 2 -1 2 -1 #SUP: 2
2 -1 2 -1 3 -1 3 -1 2 -1 #SUP: 2
2 -1 3 -1 3 -1 2 -1 2 -1 #SUP: 3
1 -1 1 -1 2 -1 3 -1 2 -1 2 -1 #SUP: 1
1 -1 1 -1 2 -1 3 -1 3 -1 2 -1 #SUP: 1
1 -1 1 -1 3 -1 3 -1 2 -1 2 -1 #SUP: 1
1 -1 2 -1 1 -1 2 -1 2 -1 2 -1 #SUP: 1
1 -1 2 -1 1 -1 2 -1 3 -1 2 -1 #SUP: 1
1 -1 2 -1 1 -1 2 -1 3 -1 3 -1 #SUP: 1
1 -1 2 -1 1 -1 3 -1 2 -1 2 -1 #SUP: 1
1 -1 2 -1 1 -1 3 -1 3 -1 2 -1 #SUP: 1
1 -1 2 -1 2 -1 1 -1 2 -1 2 -1 #SUP: 1
1 -1 2 -1 2 -1 1 -1 2 -1 3 -1 #SUP: 1
1 -1 2 -1 2 -1 1 -1 3 -1 2 -1 #SUP: 1
1 -1 2 -1 2 -1 1 -1 3 -1 3 -1 #SUP: 1
1 -1 2 -1 2 -1 2 -1 2 -1 2 -1 #SUP: 1
1 -1 2 -1 2 -1 2 -1 3 -1 2 -1 #SUP: 1
1 -1 2 -1 2 -1 2 -1 3 -1 3 -1 #SUP: 1
1 -1 2 -1 2 -1 3 -1 2 -1 2 -1 #SUP: 1
1 -1 2 -1 2 -1 3 -1 3 -1 2 -1 #SUP: 1
1 -1 2 -1 3 -1 3 -1 2 -1 2 -1 #SUP: 2
2 -1 1 -1 2 -1 3 -1 2 -1 2 -1 #SUP: 2
2 -1 1 -1 2 -1 3 -1 3 -1 2 -1 #SUP: 2
2 -1 1 -1 3 -1 3 -1 2 -1 2 -1 #SUP: 2
2 -1 2 -1 1 -1 2 -1 2 -1 2 -1 #SUP: 1
2 -1 2 -1 1 -1 2 -1 3 -1 2 -1 #SUP: 1
2 -1 2 -1 1 -1 2 -1 3 -1 3 -1 #SUP: 1
2 -1 2 -1 1 -1 3 -1 2 -1 2 -1 #SUP: 1
2 -1 2 -1 1 -1 3 -1 3 -1 2 -1 #SUP: 1
2 -1 2 -1 2 -1 3 -1 2 -1 2 -1 #SUP: 1
2 -1 2 -1 2 -1 3 -1 3 -1 2 -1 #SUP: 1
2 -1 2 -1 3 -1 3 -1 2 -1 2 -1 #SUP: 2
1 -1 1 -1 2 -1 3 -1 3 -1 2 -1 2 -1 #SUP: 1
1 -1 2 -1 1 -1 2 -1 3 -1 2 -1 2 -1 #SUP: 1
1 -1 2 -1 1 -1 2 -1 3 -1 3 -1 2 -1 #SUP: 1
1 -1 2 -1 1 -1 3 -1 3 -1 2 -1 2 -1 #SUP: 1
1 -1 2 -1 2 -1 1 -1 2 -1 2 -1 2 -1 #SUP: 1
1 -1 2 -1 2 -1 1 -1 2 -1 3 -1 2 -1 #SUP: 1
1 -1 2 -1 2 -1 1 -1 2 -1 3 -1 3 -1 #SUP: 1
1 -1 2 -1 2 -1 1 -1 3 -1 2 -1 2 -1 #SUP: 1
1 -1 2 -1 2 -1 1 -1 3 -1 3 -1 2 -1 #SUP: 1
1 -1 2 -1 2 -1 2 -1 3 -1 2 -1 2 -1 #SUP: 1
1 -1 2 -1 2 -1 2 -1 3 -1 3 -1 2 -1 #SUP: 1
1 -1 2 -1 2 -1 3 -1 3 -1 2 -1 2 -1 #SUP: 1
2 -1 1 -1 2 -1 3 -1 3 -1 2 -1 2 -1 #SUP: 2
2 -1 2 -1 1 -1 2 -1 3 -1 2 -1 2 -1 #SUP: 1
2 -1 2 -1 1 -1 2 -1 3 -1 3 -1 2 -1 #SUP: 1
2 -1 2 -1 1 -1 3 -1 3 -1 2 -1 2 -1 #SUP: 1
2 -1 2 -1 2 -1 3 -1 3 -1 2 -1 2 -1 #SUP: 1
1 -1 2 -1 1 -1 2 -1 3 -1 3 -1 2 -1 2 -1 #SUP: 1
1 -1 2 -1 2 -1 1 -1 2 -1 3 -1 2 -1 2 -1 #SUP: 1
1 -1 2 -1 2 -1 1 -1 2 -1 3 -1 3 -1 2 -1 #SUP: 1
1 -1 2 -1 2 -1 1 -1 3 -1 3 -1 2 -1 2 -1 #SUP: 1
1 -1 2 -1 2 -1 2 -1 3 -1 3 -1 2 -1 2 -1 #SUP: 1
2 -1 2 -1 1 -1 2 -1 3 -1 3 -1 2 -1 2 -1 #SUP: 1
1 -1 2 -1 2 -1 1 -1 2 -1 3 -1 3 -1 2 -1 2 -1 #SUP: 1
